153835826 1814144363 127150990
1926426485 1614900585 14868868
2139872846 3136260217 42408895
3310771078 2202805875 59788141
83898078 1578023222 36877363
652411041 1574694502 3328720
2080480520 3785135933 59392326
3370559219 3272622808 82257970
3132498144 2037809941 164995934
2678755579 3455437189 65205729
3674754588 3844528259 234175097
2182281741 3520642918 59000325
570340096 1492623557 82070945
2779822218 2446205321 138940597
2037809941 2703025450 42670579
3515202222 2342244856 103960465
3998026660 4136896949 144793347
955105072 0 84792564
3452817189 3073875184 62385033
77176799 1459627033 6721279
4142820007 4078703356 58193593
280986816 1091602584 230166265
1701766245 1321768849 78671169
2987155826 2872940965 145342318
2418013523 3615504153 169631780
2587645303 2262594016 79650840
2667296143 3354880778 11459436
2743961308 3579643243 35860910
1880850385 1046026484 45576100
3297494078 4281690296 13277000
2918762815 2804547954 68393011
1854575140 1466348312 26275245
3908929685 3366340214 89096975
511153081 1400440018 59187015
655739761 864167436 181859048
120775441 1629769453 33060385
2241282066 2745696029 58851925
2300133991 2585145918 117879532
4201013600 3178669112 93953696
837598809 84792564 117506263
1039897636 202298827 661868609
3619162687 3018283283 55591901
0 1736967564 77176799
1780437414 1662829838 74137726