3760908805 3662107228 155796250
1580497895 3884288658 144897726
3166374808 442179790 213926492
121876139 656106282 138383174
393463083 2300882189 128101885
2948945727 3512929162 110263469
521564968 2652674020 210495874
1940349169 3864399213 19889445
1197505529 794489456 93759960
904168980 2539693608 75416982
1725395621 3623192631 38914597
2881030575 888249416 49678445
2116891732 1943237764 146499392
979585962 2615110590 37563430
3143485439 3262014106 22889369
791255257 4029186384 109003936
4209132419 4140663408 85834877
1764310218 192277746 165625801
2023373170 2466550792 73142816
4140663408 4226498285 68469011
2269931546 1003317103 611099029
1291265489 0 119152028
2930709020 3243777399 18236707
732060842 1884043349 59194415
1410417517 1614416132 170080378
1960238614 937927861 63134556
1929936019 2089737156 10413150
3380301300 2863169894 380607505
3916705055 3291443897 221485265
355896365 2428984074 37566718
2254686 3817903478 46495735
2096515986 2280506443 20375746
1017149392 2100150306 180356137
0 1001062417 2254686
260259313 1784496510 95637052
48750421 119152028 73125718
3059209196 357903547 84276243
2263391124 3284903475 6540422
900259193 1880133562 3909787