208346365 819874354 29069132
731840321 689055790 58614896
4186248520 4104876526 108718776
3429769554 3384048873 23936103
1459123931 2691296758 217855736
790455217 952719646 105546549
1416544830 2047230764 42579101
0 1202755810 208346365
1399364673 1598820754 17180157
2576491919 747670686 452381
901868462 2408707242 282589516
3626168682 4259315983 35651313
341191657 748123067 71751287
2721433915 1411102175 187718579
3822370242 3740998248 198425166
3245552556 4213595302 45720681
1676979667 100628240 254569707
896001766 2041364068 5866696
3291273237 3245552556 138496317
3661819995 3580448001 160550247
2063025564 380090092 308965698
4020795408 3939423414 165453112
237415497 848943486 103776160
1931549374 1909887878 131476190
2576944300 1058266195 144489615
717031505 2089809865 14808816
412942944 2104618681 304088561
1209350123 0 100628240
1309978363 1820501568 89386310
3453705657 3407984976 172463025
2371991262 1616000911 204500657
1184457978 355197947 24892145