2056129205 3495540274 7275274
2093671499 2217398614 16037515
144190400 1167267743 4402289
685148999 560842720 46363553
148592689 1382926008 71816170
241575914 1243634776 139291232
1686196783 543577846 17264874
2601917866 2486088541 222990187
1703461657 1454742178 45658441
4200618033 2052611543 79792525
2063404479 2445531749 30267020
3026695548 4113017544 181949752
73663477 607206273 70526923
3412143232 2195535041 20126067
1381626519 809568775 38912495
4280410558 3277485604 9635485
1285511345 435930218 30230711
2009679577 4060471919 23976534
491535670 129136847 193613329
3016405776 2475798769 10289772
2035393617 2709078728 12153762
1760083914 1171670032 71964744
3988522413 2233436129 212095620
2824908053 4084448453 28569091
799335774 434222608 1707610
2109709014 3568263067 492208852
2047547379 3502815548 8581826
1275917650 466160929 9593695
731512552 475754624 67823222
380867146 698900251 110668524
1315742056 1500400619 65884463
801043384 848481270 151647344
3208645300 3292042342 203497932
952690728 0 129136847
1081827575 1000128614 167139129
0 1731434235 73663477
1749120098 423258792 10963816
2853477144 3511397374 56865693
1585688167 322750176 100508616
3432269299 2721232490 556253114
1420539014 1566285082 165149153
2973473810 2009679577 42931966
220408859 677733196 21167055
4290046043 3287121089 4921253
2033656111 2215661108 1737506
1248966704 1805097712 26950946
2910342837 2132404068 63130973