3192416630 3819045895 47516706
39972266 597632895 4546595
2584201752 2580457211 100644566
2272135078 174545609 40291463
2819419661 2681101777 89335599
3239933336 3528823147 72816699
44518861 2232362178 145175982
2519969464 2377538160 64232288
1852478702 2770437376 313570784
2166049486 2441770448 106085592
4133995881 3866562601 160971415
1626150228 975660836 106177604
2908755260 422379995 175252900
3312750035 4178991584 115975712
1142288544 1324281099 483861684
833150172 1928293653 304068525
1732327832 1808142783 120150870
2684846318 39972266 134573343
3133663001 4027534016 58753629
189694843 602179490 373481346
3758375673 4086287645 92703939
3428725747 3199173221 329649926
1137218697 2547856040 5069847
4068485661 3133663001 65510220
590707513 1081838440 242442659
2312426541 214837072 207542923
563176189 2552925887 27531324
3851079612 3601639846 217406049