4116612848 1770461885 178354448
475467700 3077125572 130863723
1272723717 1181397963 5578998
3758341401 495891106 279864899
1687813623 1591451985 2235236
2530388822 2518678506 215908033
2282034531 2032693852 208761140
1471990450 379604394 116286712
1817301926 3588566075 238614487
3086830522 2960704657 28309403
3692580145 2002277669 19886809
616860797 3221548716 360840790
3115139925 1226570112 16611162
336172750 170230298 133118381
977701587 1693223682 77238203
1366414227 775756005 105576223
2055916413 2734586539 226118118
4038206300 2287329439 78406548
3712466954 2241454992 45874447
3556277513 2516499157 2179349
1278302715 2989014060 88111512
1588277162 1593687221 99536461
2746296855 3827180562 340533667
469291131 3582389506 6176569
1054939790 1960273136 42004533
1247816059 3207989295 13559421
2490795671 1186976961 39593151
1261375480 1948816333 11348237
36107015 881332228 300065735
1096944323 2365735987 150763170
3131751087 303348679 76255715
3558456862 36107015 134123283
3208006802 1243181274 348270711
606331423 2022164478 10529374
1690048859 4167714229 127253067
1247707493 1960164570 108566